Dixon <- c(112,117,119,125,129,131,135,139,140,167)
